P3
50 50
15
1 1 1 1 1 1 1 1 1 1 1 1 1 1 1 1 1 1 1 1 1 1 1 1 1 1 1 1 1 1 1 1 1 1 1 1 1 1 1 1 1 1 1 1 1 1 1 1 1 1 
1 1 1 1 1 1 1 1 1 1 1 1 1 1 1 1 1 1 2 2 2 2 2 2 2 2 2 2 2 2 2 2 1 1 1 1 1 1 1 1 1 1 1 1 1 1 1 1 1 1 
1 1 1 1 1 1 1 1 1 1 1 1 1 1 1 1 2 2 2 2 2 2 2 2 2 2 2 2 2 2 2 2 2 2 2 1 1 1 1 1 1 1 1 1 1 1 1 1 1 1 
1 1 1 1 1 1 1 1 1 1 1 1 1 1 2 2 2 2 2 2 2 2 2 2 2 2 2 2 2 2 2 2 2 2 2 2 2 1 1 1 1 1 1 1 1 1 1 1 1 1 
1 1 1 1 1 1 1 1 1 1 1 1 2 2 2 2 2 2 2 2 2 2 2 2 2 2 2 2 2 2 2 2 2 2 2 2 2 2 2 1 1 1 1 1 1 1 1 1 1 1 
1 1 1 1 1 1 1 1 1 1 2 2 2 2 2 2 2 2 2 2 2 2 2 2 2 2 2 2 2 2 2 2 2 2 2 2 2 2 2 2 1 1 1 1 1 1 1 1 1 1 
1 1 1 1 1 1 1 1 1 2 2 2 2 2 2 2 2 2 2 2 2 2 2 2 2 2 2 2 2 2 2 2 2 2 2 2 2 2 2 2 2 2 1 1 1 1 1 1 1 1 
1 1 1 1 1 1 1 1 2 2 2 2 2 2 2 2 2 2 2 2 2 2 2 2 2 2 2 2 2 2 2 2 2 2 2 2 2 2 2 2 2 2 2 1 1 1 1 1 1 1 
1 1 1 1 1 1 1 2 2 2 2 2 2 2 2 2 2 2 2 2 2 2 2 2 2 2 2 2 2 2 2 2 2 2 2 2 2 2 2 2 2 2 2 2 1 1 1 1 1 1 
1 1 1 1 1 1 2 2 2 2 2 2 2 2 3 3 3 3 3 3 3 3 3 3 2 2 2 2 2 2 2 2 2 2 2 2 2 2 2 2 2 2 2 2 2 1 1 1 1 1 
1 1 1 1 1 2 2 2 2 2 2 3 3 3 3 3 3 3 3 3 3 3 3 3 3 3 3 2 2 2 2 2 2 2 2 2 2 2 2 2 2 2 2 2 2 1 1 1 1 1 
1 1 1 1 1 2 2 2 2 3 3 3 3 3 3 3 3 3 3 3 4 4 5 6 5 4 4 3 3 2 2 2 2 2 2 2 2 2 2 2 2 2 2 2 2 2 1 1 1 1 
1 1 1 1 2 2 2 2 3 3 3 3 3 3 3 3 3 3 4 4 4 5 6 13 6 6 4 4 3 3 3 2 2 2 2 2 2 2 2 2 2 2 2 2 2 2 2 1 1 1 
1 1 1 1 2 2 3 3 3 3 3 3 3 3 3 3 4 4 4 4 5 5 7 9 0 7 5 4 4 3 3 3 2 2 2 2 2 2 2 2 2 2 2 2 2 2 2 1 1 1 
1 1 1 2 2 3 3 3 3 3 3 3 3 3 3 4 4 4 4 5 5 6 0 1 11 8 5 5 4 4 3 3 3 2 2 2 2 2 2 2 2 2 2 2 2 2 2 2 1 1 
1 1 1 2 3 3 3 3 3 3 3 3 3 3 4 4 4 4 5 6 6 8 3 0 0 3 7 5 5 4 4 3 3 3 2 2 2 2 2 2 2 2 2 2 2 2 2 2 1 1 
1 1 2 3 3 3 3 3 3 3 3 3 3 4 4 4 4 5 7 7 7 9 0 0 0 0 8 6 6 6 5 4 3 3 3 2 2 2 2 2 2 2 2 2 2 2 2 2 2 1 
1 1 2 3 3 3 3 3 3 3 3 4 4 4 5 5 6 7 0 2 8 4 12 0 0 10 1 8 8 9 7 4 3 3 3 3 2 2 2 2 2 2 2 2 2 2 2 2 2 1 
1 2 3 3 3 3 3 3 3 3 4 4 5 5 5 6 6 8 12 0 0 0 0 0 0 0 0 0 10 0 9 5 4 3 3 3 2 2 2 2 2 2 2 2 2 2 2 2 2 1 
1 2 3 3 3 3 3 3 4 4 5 5 5 5 6 6 8 3 0 0 0 0 0 0 0 0 0 0 0 0 7 5 4 3 3 3 3 2 2 2 2 2 2 2 2 2 2 2 2 2 
1 3 3 3 3 3 4 4 5 9 7 7 7 7 7 7 10 3 0 0 0 0 0 0 0 0 0 0 0 0 9 6 4 3 3 3 3 2 2 2 2 2 2 2 2 2 2 2 2 2 
1 3 3 4 4 4 4 5 6 8 3 11 14 11 9 9 13 0 0 0 0 0 0 0 0 0 0 0 0 0 1 6 4 4 3 3 3 2 2 2 2 2 2 2 2 2 2 2 2 2 
1 3 4 4 4 4 5 5 7 8 5 0 0 0 10 12 0 0 0 0 0 0 0 0 0 0 0 0 0 0 10 6 4 4 3 3 3 3 2 2 2 2 2 2 2 2 2 2 2 2 
1 4 4 4 4 5 5 7 8 11 12 0 0 0 0 9 0 0 0 0 0 0 0 0 0 0 0 0 0 0 13 5 4 4 3 3 3 3 2 2 2 2 2 2 2 2 2 2 2 2 
1 5 4 5 6 6 7 9 4 3 0 0 0 0 0 0 0 0 0 0 0 0 0 0 0 0 0 0 0 0 7 5 4 4 3 3 3 3 2 2 2 2 2 2 2 2 2 2 2 2 
1 0 0 0 0 0 0 0 0 0 0 0 0 0 0 0 0 0 0 0 0 0 0 0 0 0 0 0 0 10 7 5 4 4 3 3 3 3 2 2 2 2 2 2 2 2 2 2 2 2 
1 5 4 5 6 6 7 9 4 3 0 0 0 0 0 0 0 0 0 0 0 0 0 0 0 0 0 0 0 0 7 5 4 4 3 3 3 3 2 2 2 2 2 2 2 2 2 2 2 2 
1 4 4 4 4 5 5 7 8 11 12 0 0 0 0 9 0 0 0 0 0 0 0 0 0 0 0 0 0 0 13 5 4 4 3 3 3 3 2 2 2 2 2 2 2 2 2 2 2 2 
1 3 4 4 4 4 5 5 7 8 5 0 0 0 10 12 0 0 0 0 0 0 0 0 0 0 0 0 0 0 10 6 4 4 3 3 3 3 2 2 2 2 2 2 2 2 2 2 2 2 
1 3 3 4 4 4 4 5 6 8 3 11 14 11 9 9 13 0 0 0 0 0 0 0 0 0 0 0 0 0 1 6 4 4 3 3 3 2 2 2 2 2 2 2 2 2 2 2 2 2 
1 3 3 3 3 3 4 4 5 9 7 7 7 7 7 7 10 3 0 0 0 0 0 0 0 0 0 0 0 0 9 6 4 3 3 3 3 2 2 2 2 2 2 2 2 2 2 2 2 2 
1 2 3 3 3 3 3 3 4 4 5 5 5 5 6 6 8 3 0 0 0 0 0 0 0 0 0 0 0 0 7 5 4 3 3 3 3 2 2 2 2 2 2 2 2 2 2 2 2 2 
1 1 3 3 3 3 3 3 3 3 4 4 5 5 5 6 6 8 12 0 0 0 0 0 0 0 0 0 10 0 9 5 4 3 3 3 2 2 2 2 2 2 2 2 2 2 2 2 2 1 
1 1 2 3 3 3 3 3 3 3 3 4 4 4 5 5 6 7 0 2 8 4 12 0 0 10 1 8 8 9 7 4 3 3 3 3 2 2 2 2 2 2 2 2 2 2 2 2 2 1 
1 1 2 3 3 3 3 3 3 3 3 3 3 4 4 4 4 5 7 7 7 9 0 0 0 0 8 6 6 6 5 4 3 3 3 2 2 2 2 2 2 2 2 2 2 2 2 2 2 1 
1 1 1 2 3 3 3 3 3 3 3 3 3 3 4 4 4 4 5 6 6 8 3 0 0 3 7 5 5 4 4 3 3 3 2 2 2 2 2 2 2 2 2 2 2 2 2 2 1 1 
1 1 1 2 2 3 3 3 3 3 3 3 3 3 3 4 4 4 4 5 5 6 0 1 11 8 5 5 4 4 3 3 3 2 2 2 2 2 2 2 2 2 2 2 2 2 2 2 1 1 
1 1 1 1 2 2 3 3 3 3 3 3 3 3 3 3 4 4 4 4 5 5 7 9 0 7 5 4 4 3 3 3 2 2 2 2 2 2 2 2 2 2 2 2 2 2 2 1 1 1 
1 1 1 1 2 2 2 2 3 3 3 3 3 3 3 3 3 3 4 4 4 5 6 13 6 6 4 4 3 3 3 2 2 2 2 2 2 2 2 2 2 2 2 2 2 2 2 1 1 1 
1 1 1 1 1 2 2 2 2 3 3 3 3 3 3 3 3 3 3 3 4 4 5 6 5 4 4 3 3 2 2 2 2 2 2 2 2 2 2 2 2 2 2 2 2 2 1 1 1 1 
1 1 1 1 1 2 2 2 2 2 2 3 3 3 3 3 3 3 3 3 3 3 3 3 3 3 3 2 2 2 2 2 2 2 2 2 2 2 2 2 2 2 2 2 2 1 1 1 1 1 
1 1 1 1 1 1 2 2 2 2 2 2 2 2 3 3 3 3 3 3 3 3 3 3 2 2 2 2 2 2 2 2 2 2 2 2 2 2 2 2 2 2 2 2 2 1 1 1 1 1 
1 1 1 1 1 1 1 2 2 2 2 2 2 2 2 2 2 2 2 2 2 2 2 2 2 2 2 2 2 2 2 2 2 2 2 2 2 2 2 2 2 2 2 2 1 1 1 1 1 1 
1 1 1 1 1 1 1 1 2 2 2 2 2 2 2 2 2 2 2 2 2 2 2 2 2 2 2 2 2 2 2 2 2 2 2 2 2 2 2 2 2 2 2 1 1 1 1 1 1 1 
1 1 1 1 1 1 1 1 1 2 2 2 2 2 2 2 2 2 2 2 2 2 2 2 2 2 2 2 2 2 2 2 2 2 2 2 2 2 2 2 2 2 1 1 1 1 1 1 1 1 
1 1 1 1 1 1 1 1 1 1 2 2 2 2 2 2 2 2 2 2 2 2 2 2 2 2 2 2 2 2 2 2 2 2 2 2 2 2 2 2 1 1 1 1 1 1 1 1 1 1 
1 1 1 1 1 1 1 1 1 1 1 1 2 2 2 2 2 2 2 2 2 2 2 2 2 2 2 2 2 2 2 2 2 2 2 2 2 2 2 1 1 1 1 1 1 1 1 1 1 1 
1 1 1 1 1 1 1 1 1 1 1 1 1 1 2 2 2 2 2 2 2 2 2 2 2 2 2 2 2 2 2 2 2 2 2 2 2 1 1 1 1 1 1 1 1 1 1 1 1 1 
1 1 1 1 1 1 1 1 1 1 1 1 1 1 1 1 2 2 2 2 2 2 2 2 2 2 2 2 2 2 2 2 2 2 2 1 1 1 1 1 1 1 1 1 1 1 1 1 1 1 
1 1 1 1 1 1 1 1 1 1 1 1 1 1 1 1 1 1 1 2 2 2 2 2 2 2 2 2 2 2 2 2 1 1 1 1 1 1 1 1 1 1 1 1 1 1 1 1 1 1 
